10,95.84
20,96.96
30,96.97
40,96.77
50,96.97
60,96.97
70,96.87
80,96.87
90,97.18
100,97.67
110,96.87
120,97.27
130,97.57
140,97.97
150,97.97
160,96.97
170,97.68
180,97.57
190,97.77
200,97.97
210,97.57
220,97.87
230,97.37
240,97.87
250,97.98
260,97.47
270,97.47
280,97.97
290,97.77
300,96.87
310,97.87
320,97.97
330,97.97
340,97.98
350,96.87
360,97.97
370,97.97
380,97.77
390,97.97
400,97.97
410,97.97
420,97.98
430,97.87
440,97.97
450,97.77
460,97.97
470,97.97
480,97.77
490,97.97
500,97.98
510,97.97
520,97.97
530,97.87
540,97.77
550,98.27
560,97.87
570,97.97
580,97.98
590,97.97
600,98.06
