10,103.1218
20,102.96148
30,103.10785
40,103.14394
50,102.96123
60,102.95296
70,103.04284
80,103.21695
90,102.94283
100,103.02422
110,102.98831
120,102.46674
130,102.50637
140,102.39341
150,102.24261
160,102.39158
170,102.52939
180,102.41882
190,102.36589
200,102.17646
210,102.30688
220,102.35321
230,102.41824
240,102.4857
250,102.23475
260,102.28379
270,102.33519
280,102.24025
290,102.75434
300,102.36
310,102.40758
320,102.17999
330,102.1379
340,102.25396
350,102.54723
360,102.13341
370,102.20149
380,102.34436
390,102.37436
400,102.05588
410,102.00254
420,102.17469
430,102.22376
440,102.12299
450,102.20292
460,102.0936
470,102.03616
480,102.12526
490,102.10507
500,102.07481
510,102.12167
520,102.03216
530,102.09799
540,102.10848
550,102.07073
560,102.08885
570,102.02694
580,102.04319
590,102.06459
600,102.06863
