10,979.08251
20,1019.88178
30,1019.87912
40,1019.87761
50,1020.92967
60,1019.89323
70,1018.87878
80,1020.96146
90,1018.87559
100,1018.91574
110,1022.05245
120,1018.92768
130,1021.01255
140,1017.90169
150,1020.99871
160,1019.96242
170,1018.92117
180,1019.96165
190,1023.07745
200,1018.90548
210,1017.88762
220,1020.98557
230,1019.95767
240,1019.9628
250,1020.99437
260,1019.95989
270,1019.96149
280,1019.9543
290,1018.93408
300,1018.91961
310,1020.99153
320,1018.92808
330,1021.10758
340,1019.96173
350,1020.99841
360,1018.90741
370,1020.99451
380,1021.01216
390,1017.88327
400,1020.99591
410,1018.91292
420,1018.91689
430,1020.98611
440,1022.03094
450,1018.9273
460,1018.92288
470,1020.99891
480,1021.01547
490,1016.87297
500,1021.00936
510,1018.94109
520,1019.95298
530,1019.96547
540,1022.04317
550,1018.92991
560,1020.99938
570,1020.53578
580,1023.08153
590,1018.91272
600,1018.91276
